$ 1 0.000005 10.20027730826997 50 5 50 5e-11
w 656 432 768 432 0
r 768 432 768 496 0 470
c 768 496 768 560 0 1e-8 -0.6423937865785703 0.001
g 768 560 768 608 0 0
r 752 352 752 272 0 360000
R 752 272 752 224 0 0 40 12 0 0 0.5
w 656 432 560 432 0
r 656 240 656 160 0 47000
174 608 144 688 160 1 100000 0.005 Course
g 560 240 560 272 0 0
R 704 144 704 112 0 0 40 5 0 0 0.5
w 560 432 480 432 0
r 368 432 368 368 0 100000
R 368 320 368 272 0 1 40 5 0 0 0.5
368 768 432 848 432 0 0
r 480 432 480 368 0 1500000
174 432 336 512 368 1 100000 0.005 Fine
R 528 336 528 304 0 0 40 5 0 0 0.5
g 432 336 432 352 0 0
w 368 432 480 432 0
w 1168 544 1280 544 0
368 1568 544 1648 544 0 0
R 1168 480 1168 400 0 1 40 5 0 0 0.5
r 1168 544 1168 480 0 100000
w 1360 544 1280 544 0
w 1456 544 1360 544 0
R 1568 464 1568 416 0 0 40 15 0 0 0.5
r 1568 544 1568 464 0 1500000
g 1568 672 1568 720 0 0
c 1568 608 1568 672 0 1e-8 -2.8997165743351263 0.001
r 1568 544 1568 608 0 470
w 1456 544 1568 544 0
403 1616 592 1744 656 0 21_64_0_4354_5_0.1_-1_2_21_3
403 1200 368 1328 432 0 22_64_0_4354_5_0.1_-1_2_22_3
403 864 336 992 400 0 14_64_0_12546_1.9075247736892278_0.0001_-1_2_14_3
403 304 144 432 208 0 13_64_0_12546_4.999999999999999_0.0001_-1_2_13_3
w 368 432 272 432 0
R 272 304 272 272 0 3 400 5 0 0 0.5
r 272 368 272 432 0 100000
403 128 128 256 192 0 37_64_0_12546_4.999999615895408_0.0001_-1_2_37_3
r 480 432 480 496 0 470000
174 432 512 528 512 1 10000 0.9059 Resistance
g 432 512 432 544 0 0
368 528 512 592 512 0 0
403 576 560 704 624 0 43_64_0_4354_0.078125_0.1_-1_2_43_3
r 1088 480 1088 544 0 100000
R 1088 480 1088 400 0 3 400 5 0 0 0.5
w 1088 544 1168 544 0
r 1280 544 1280 608 0 1000000
174 1232 624 1312 624 1 20000 0.9059 Resistance
g 1232 624 1232 672 0 0
368 1328 624 1376 624 0 0
403 1376 672 1504 736 0 51_64_0_4354_0.078125_0.1_-1_2_51_3
s 272 304 272 368 0 1 false
s 368 320 368 368 0 0 false
s 560 240 560 192 0 0 false
R 592 256 592 288 0 0 40 -5 0 0 0.5
s 592 256 592 192 0 1 false
w 608 144 592 144 0
w 560 192 592 192 0
w 592 144 592 192 0
w 656 240 656 432 0
R 816 272 816 224 0 0 40 5 0 0 0.5
r 816 272 816 352 0 220000
S 768 432 768 400 0 1 false 0 2
w 752 400 752 352 0
w 784 400 816 352 0
