$ 1 0.000005 10.20027730826997 50 5 50 5e-11
r 672 480 768 480 0 100000
R 512 336 512 288 0 0 40 5 0 0 0.5
r 688 544 768 544 0 100000
174 592 496 592 592 1 100000 0.005 PWM Amount
w 608 544 688 544 0
w 592 496 496 496 0
g 592 592 592 624 0 0
w 768 544 768 480 0
R 480 432 400 432 0 1 40 5 0 0 0.5
S 496 496 496 432 0 1 false 0 2
w 672 416 672 480 0
w 512 416 512 432 0
368 768 480 816 480 0 0
403 816 528 944 592 0 12_64_0_4354_5_0.1_-1_2_12_3
r 768 544 768 624 0 200000
g 768 624 768 656 0 0
r 512 416 512 336 0 1000
w 672 416 672 336 0
w 672 336 512 336 0
