$ 1 0.000005 10.20027730826997 50 5 43 5e-11
a 304 208 400 208 8 10 -10 1000000 -0.19513741018250935 -0.19516301266482658 100000
d 240 224 240 320 2 1N4148
d 208 320 208 224 2 1N4148
r 176 224 176 320 0 22000
w 240 224 208 224 0
w 208 224 176 224 0
w 176 320 208 320 0
w 208 320 240 320 0
w 240 224 304 224 0
r 176 224 96 224 0 150000
R 96 224 48 224 0 3 100 5 0 0 0.5
g 208 96 208 128 0 0
w 432 208 400 208 0
368 432 208 496 208 0 0
g 208 320 208 352 0 0
368 240 224 288 272 0 0
r 304 128 432 128 0 15000
w 304 128 304 192 0
w 432 128 432 208 0
R 112 144 48 144 0 1 100 5 0 -1.5707963267948966 0.5
174 208 96 288 112 1 2000 0.6188 Resistance
w 304 96 304 128 0
w 256 112 256 128 0
w 256 128 304 128 0
403 -32 272 96 336 0 10_64_0_4354_5_0.1_-1_2_10_3
403 480 256 608 320 0 13_64_0_4354_10_0.1_-1_2_13_3
o 15 8 0 12290 5.165706276420393 0.0001 0 4 10 0 13 0 19 0
